Seconds	Entries
1	95
2	94
3	87
4	89
5	93
6	80
7	90
8	93
9	93
10	90
11	82
12	102
13	89
14	104
15	83
16	80
17	90
18	84
19	86
20	86
21	89
22	101
23	84
24	101
25	95
26	85
27	91
28	108
29	94
30	83
31	113
32	87
33	95
34	97
35	85
36	85
37	95
38	94
39	98
40	96
41	92
42	90
43	89
44	87
45	100
46	91
47	92
48	101
49	88
50	80
51	96
52	97
53	96
54	94
55	95
56	88
57	101
58	93
59	99
60	95
61	103
62	89
63	105
64	94
65	94
66	99
67	84
68	97
69	101
70	95
71	95
72	97
73	86
74	95
75	99
76	98
77	104
78	88
79	91
80	87
81	93
82	93
83	91
84	104
85	100
86	104
87	97
88	86
89	96
90	102
91	106
92	97
93	94
94	89
95	92
96	93
97	86
98	100
99	101
100	102
101	103
102	91
103	90
104	93
105	95
106	95
107	105
108	97
109	104
110	88
111	91
112	100
113	101
114	94
115	86
116	98
117	104
118	94
119	106
120	89
121	106
122	101
123	84
124	94
125	97
126	100
127	101
128	96
129	86
130	103
131	101
132	102
133	106
134	93
135	91
136	97
137	95
138	100
139	85
140	99
141	107
142	101
143	100
144	96
145	95
146	96
147	99
148	94
149	95
150	97
151	91
152	88
153	97
154	99
155	108
156	99
157	99
158	85
159	97
160	96
161	93
162	92
163	99
164	102
165	97
166	101
167	95
168	100
169	94
170	109
171	96
172	96
173	95
174	93
175	95
176	94
177	96
178	85
179	100
180	103
181	91
182	97
183	92
184	98
185	95
186	98
187	102
188	93
189	104
190	97
191	98
192	97
193	90
194	102
195	96
196	98
197	96
198	91
199	91
200	99
201	98
202	99
203	98
204	101
205	96
206	95
207	102
208	98
209	108
210	100
211	101
212	99
213	95
214	91
215	92
216	99
217	108
218	97
219	104
220	105
221	101
222	91
223	92
224	93
225	104
226	105
227	90
228	110
229	102
230	96
231	84
232	105
233	93
234	103
235	91
236	99
237	97
238	94
239	100
240	109
241	107
242	90
243	93
244	91
245	86
246	108
247	96
248	94
249	93
250	101
251	99
252	96
253	94
254	103
255	95
256	93
257	103
258	94
259	94
260	109
261	97
262	98
263	111
264	100
265	102
266	117
267	91
268	100
269	100
270	87
271	106
272	98
273	99
274	96
275	95
276	93
277	111
278	103
279	95
280	98
281	106
282	97
283	103
284	103
285	92
286	108
287	84
288	108
289	97
290	96
291	93
292	94
293	100
294	96
295	94
296	91
297	102
298	111
299	96

