Seconds	Entries
1	138
2	137
3	135
4	132
5	133
6	126
7	131
8	133
9	136
10	133
11	114
12	145
13	131
14	145
15	127
16	122
17	134
18	124
19	126
20	128
21	132
22	142
23	137
24	135
25	134
26	125
27	137
28	152
29	132
30	123
31	150
32	134
33	128
34	144
35	126
36	126
37	138
38	132
39	141
40	140
41	134
42	132
43	127
44	130
45	138
46	136
47	131
48	135
49	127
50	136
51	137
52	132
53	146
54	130
55	137
56	126
57	148
58	137
59	132
60	132
61	145
62	131
63	147
64	135
65	137
66	140
67	122
68	138
69	143
70	151
71	144
72	139
73	130
74	142
75	146
76	142
77	149
78	139
79	140
80	132
81	140
82	133
83	139
84	148
85	153
86	153
87	149
88	134
89	143
90	144
91	151
92	140
93	137
94	130
95	139
96	136
97	136
98	148
99	147
100	152
101	149
102	135
103	132
104	142
105	141
106	139
107	150
108	141
109	148
110	134
111	138
112	139
113	152
114	132
115	140
116	140
117	147
118	136
119	152
120	142
121	152
122	153
123	126
124	144
125	143
126	144
127	145
128	150
129	135
130	146
131	141
132	140
133	152
134	139
135	136
136	143
137	138
138	138
139	136
140	145
141	155
142	146
143	146
144	144
145	139
146	135
147	140
148	134
149	147
150	144
151	141
152	130
153	142
154	152
155	155
156	145
157	151
158	139
159	138
160	141
161	139
162	135
163	140
164	146
165	141
166	138
167	142
168	141
169	137
170	154
171	136
172	142
173	141
174	133
175	142
176	142
177	143
178	133
179	157
180	146
181	132
182	145
183	144
184	140
185	140
186	146
187	142
188	142
189	151
190	139
191	148
192	144
193	139
194	142
195	141
196	141
197	141
198	140
199	132
200	144
201	146
202	145
203	145
204	142
205	136
206	143
207	145
208	144
209	163
210	146
211	149
212	150
213	145
214	133
215	140
216	147
217	156
218	146
219	151
220	141
221	147
222	144
223	137
224	143
225	146
226	153
227	141
228	161
229	149
230	140
231	131
232	154
233	142
234	154
235	138
236	151
237	141
238	145
239	147
240	151
241	152
242	139
243	139
244	141
245	133
246	152
247	145
248	143
249	137
250	144
251	146
252	146
253	139
254	145
255	147
256	143
257	149
258	132
259	138
260	146
261	141
262	146
263	156
264	150
265	148
266	162
267	143
268	148
269	144
270	132
271	156
272	143
273	150
274	144
275	145
276	138
277	163
278	149
279	145
280	150
281	149
282	140
283	151
284	155
285	142
286	151
287	131
288	155
289	140
290	143
291	144
292	144
293	145
294	143
295	139
296	138
297	148
298	155
299	146
