Seconds	Entries
1	138
2	137
3	135
4	132
5	133
6	126
7	131
8	133
9	136
10	133
11	114
12	145
13	131
14	145
15	127
16	122
17	134
18	124
19	126
20	128
21	132
22	142
23	137
24	135
25	134
26	125
27	137
28	152
29	132
30	123
31	150
32	134
33	128
34	144
35	126
36	126
37	138
38	132
39	141
40	140
41	134
42	132
43	127
44	130
45	138
46	136
47	131
48	135
49	127
50	136
51	137
52	132
53	146
54	130
55	137
56	126
57	148
58	137
59	132
60	132
61	145
62	131
63	147
64	135
65	137
66	140
67	122
68	138
69	143
70	151
71	144
72	139
73	130
74	142
75	146
76	142
77	149
78	139
79	140
80	132
81	140
82	133
83	139
84	148
85	153
86	153
87	149
88	134
89	143
90	144
91	151
92	140
93	137
94	130
95	139
96	136
97	136
98	148
99	147
100	152
101	198
102	199
103	200
104	200
105	199
106	200
107	200
108	199
109	199
110	200
111	199
112	198
113	200
114	199
115	199
116	200
117	200
118	200
119	200
120	197
121	196
122	198
123	194
124	200
125	195
126	200
127	200
128	199
129	199
130	200
131	194
132	200
133	199
134	197
135	200
136	200
137	200
138	198
139	200
140	198
141	200
142	200
143	200
144	198
145	197
146	200
147	200
148	200
149	197
150	200
151	200
152	199
153	200
154	198
155	200
156	198
157	199
158	200
159	196
160	200
161	198
162	199
163	198
164	199
165	200
166	198
167	198
168	200
169	196
170	200
171	198
172	199
173	196
174	198
175	200
176	200
177	197
178	199
179	199
180	198
181	200
182	199
183	199
184	199
185	200
186	200
187	200
188	199
189	198
190	198
191	200
192	200
193	197
194	200
195	200
196	197
197	200
198	198
199	199
200	199
201	148
202	145
203	145
204	142
205	136
206	143
207	145
208	144
209	163
210	146
211	149
212	150
213	145
214	133
215	140
216	147
217	156
218	146
219	151
220	141
221	147
222	144
223	137
224	143
225	146
226	153
227	141
228	161
229	149
230	140
231	131
232	154
233	142
234	154
235	138
236	151
237	141
238	145
239	147
240	151
241	152
242	139
243	139
244	141
245	133
246	152
247	145
248	143
249	137
250	144
251	146
252	146
253	139
254	145
255	147
256	143
257	149
258	132
259	138
260	146
261	141
262	146
263	156
264	150
265	148
266	162
267	143
268	148
269	144
270	132
271	156
272	143
273	150
274	144
275	145
276	138
277	163
278	149
279	145
280	150
281	149
282	140
283	151
284	155
285	142
286	151
287	131
288	155
289	140
290	143
291	144
292	144
293	145
294	143
295	139
296	138
297	148
298	155
299	146

